version https://git-lfs.github.com/spec/v1
oid sha256:f90817b6a69cae933b32fcabb70ae84947d18a48322759e0ebe83ebe2678d97e
size 1237241
